***** Eval results ver3_basic *****
BLEU = 6.18695740475663
rouge1 = 33.9483219626835
rouge2 = 11.84652053963681
rougeL = 24.491101756472567
rougeLsum = 24.491101756472567
***** Eval results ver4_basic *****
BLEU = 6.202718414853844
rouge1 = 33.87457373663296
rouge2 = 11.930964223856396
rougeL = 24.522762563265555
rougeLsum = 24.522762563265555
